0.5101576883489354
0.5422286088075838
0.5707980644817862
0.5777083465248334
0.5773989680279492
0.5649508529172983
0.5962862282237829
0.5912995255693675
0.6031485988377375
0.5954638085813343
0.5959567184945435
0.6109474146136961
0.6042314244889735
0.6182812779887866
0.6132626210341826
0.6289231529814725
0.6376251817724958
0.6226070116849848
0.6402113743362247
0.6294999165714348
0.6395960777281416
0.6403313240305479
0.6481120517008779
0.6364311189620363
0.6457810195646037
0.646821396640888
0.6547060835355534
0.6564233753927003
0.6522558124138633
0.6598919442444334
0.6644870657185696
0.665876393461607
0.6680636016543484
0.6649057861630344
0.667024074103711
0.6626225437427785
0.6700127763610685
0.6774780466471846
0.676813729635627
0.676408886247761
0.6722764693583679
0.6814923332969374
0.6792906484571105
0.679200060497241
0.6841471601994134
0.6849816570248201
0.6746134521132116
0.6800499891939885
0.6779557030281227
0.6845783961819529
