0.5425613521683835
0.5697226629130135
0.5769665193508088
0.5765116044103406
0.5897319447343159
0.6206861072107713
0.6095828821448334
0.6274639767484985
0.6130083929217333
0.6354422212211742
0.6305309405736141
0.6347512655568243
0.6398618808218556
0.6492792030801332
0.6412738052219383
0.6528053178490113
0.6608328684728917
0.6534805052695972
0.648304534362464
0.6628028379335067
0.6558234758266712
0.6657385857489435
0.6673639507437487
0.6729708306721925
0.6696429530627921
0.6745752465387443
0.6720667507324772
0.6692445199549376
0.6764086300304907
0.6649689484651529
0.6786994175573422
0.6838364029637987
0.6896573003682854
0.6881189653509426
0.6918797161363244
0.6884507646468302
0.684753613906467
0.6877431281049426
0.6930666929100031
0.6946842143033278
0.6977045171845226
0.6956604041947921
0.6941238525286565
0.6984296523377089
0.692746942976777
0.6936030228311463
0.6969611525191368
0.6932400054529095
0.6862812489805279
0.6889762764958102