0.4545591085679193
0.4897397875595697
0.49126316130074404
0.5513059386402722
0.5748343334918827
0.5763798739740951
0.5848730076658326
0.594358555229411
0.5989851638992716
0.6027166841758305
0.6079766109568251
0.6120153514906642
0.6105817389386994
0.6200300227669298
0.6240717454465562
0.6244039779945562
0.626920773005304
0.630377556967923
0.6287159482603746
0.6331676226943079
0.633753281753286
0.6350284433069122
0.6418365599521675
0.6423400115814456
0.6486237744872503
0.6487318880693552
0.6432576637503786
0.6495758745852181
0.6555192082222467
0.6453741626507329
0.6531637793055213
0.6531204981551938
0.6589132917990534
0.6579268406251529
0.651704032896853
0.6604538050113301
0.655206490016795
0.6530980860347991
0.6555999597372871
0.6540963014283472
0.6564239381908958
0.6561441633420639
0.6581966647914745
0.6624014895209472
0.6607595998976322
0.6559888617035069
0.6620322864253455
0.6642578299855683
0.6618392191504243
0.6601127485687845