0.5159301236762635
0.5626232253539366
0.5794309114672209
0.6176050161708693
0.6025661145904627
0.6081755564759084
0.617504139191637
0.647043843319946
0.6477884488909191
0.6538090673427518
0.6539952219898852
0.6611410097092649
0.6650426002043215
0.6685665396014445
0.67135596486915
0.6766321016351992
0.6772746940215505
0.6820039323679111
0.6835648486794087
0.6797900180414581
0.6793779556860124
0.6842865489197126
0.6886391664386827
0.6866888628121864
0.6885201308494411
0.6906272142797663
0.6951238873901099
0.6922791448946628
0.6976452790384335
0.6970290047336277
0.6970860660637637
0.7035614311199071
0.7019734636881899
0.7002673331939585
0.7059275266633971
0.7036007673307647
0.7078298208923329
0.706490273238513
0.7126835685052434
0.7119633986952494
0.7097037585402713
0.7117002798266594
0.7084268444422771
0.7163071128409931
0.7131190524353063
0.7116120038857294
0.7132996146051763
0.7145536762807229
0.716871535940585
0.7172173903405968