0.5018408832929747
0.6116405187232987
0.6149286846523555
0.6030573716091746
0.6234610047434624
0.6133868360632483
0.6179708647861186
0.6216114285315968
0.6108282482100201
0.6252489683849076
0.6260591171401719
0.6334201919923551
0.6330735675120821
0.6125140204722881
0.6260407749801787
0.6269181800974452
0.6346169903135678
0.6377854188116693
0.6477435550413654
0.639243096735002
0.6500552641601004
0.6356641784590773
0.6467452392166804
0.6544505486585966
0.660146183138575
0.6636997910180248
0.6635358106198479
0.6654843291497722
0.6644041504039259
0.6671513857422886
0.6670647713174157
0.6744338538723346
0.6698620094468157
0.6661050954202387
0.6693889483500562
0.6682583300855687
0.6711201611185557
0.6774432255581833
0.6756618954531647
0.681743611134422
0.6845882706540867
0.6779467566243599
0.682352470729864
0.6862634535405283
0.6727109647469208
0.6792795483316597
0.6816693519219461
0.685394642743476
0.6811785626695596
0.683971566102205
