55.49941128945256
55.10231574201574
60.54575497671701
61.63894726772384
61.85095590045883
61.687770500921836
61.8403635296135
60.68383443808373
61.20432710978074
61.43640641166679
61.28184492391544
61.813823095062126
62.87236507940792
62.37821098329942
63.22095274906129
62.70464410086074
63.676753922849116
63.90265535358735
64.52736027351104
64.79619209354112
64.67318782007212
65.30202624040867
65.25409115960787
65.46595476123504
65.89109114142072
65.66336459494426
65.75893061037841
66.04730962877865
65.99009521078926
66.6429681195399
65.84660389656213
65.85849494054713
66.93909517250567
66.35874442747206
66.85311898992806
67.19019898457054
66.71712879380988
66.01039010489691
66.87865271354299
67.12193596773125
66.95293745301375
67.34466239179324
67.39290769009713
67.86536064073626
67.19298297999119
67.22225344841655
66.91709906354319
67.02872906221342
66.983387162886
67.22338148318359