0.5226742331873537
0.5830604459065973
0.5674351159187984
0.5473727934748579
0.5753578168036491
0.5758753750399669
0.5944635764005574
0.6076356396042212
0.6180780108311862
0.626147813709899
0.6252805995149996
0.6165918001639051
0.6376507076491575
0.6320883119122215
0.6401115366575049
0.6485843773092669
0.6509335485257874
0.6477042914973185
0.6552147584159762
0.6595536844959924
0.6573516557999702
0.6523968672017587
0.6669364719146829
0.6668297672102916
0.6686389913946919
0.6696509604942307
0.6729454985022626
0.669932127833131
0.6742902757000587
0.6765114469323192
0.675487105124928
0.67727454753747
0.6781493778344695
0.6808137504936548
0.6817519935607183
0.6864511652550391
0.6805937802180216
0.6898732469009412
0.6896655223406499
0.6874989962147972
0.6881066368536658
0.6943817102938621
0.692736233276119
0.6942687272946877
0.6933739875369384
0.6931133876736665
0.693056838422643
0.6850807707600438
0.6907095576844778
0.6884476812440502