0.45994307408011886
0.5628754389756706
0.5638587425853345
0.5665834178070025
0.5823073574674816
0.5979665988989054
0.6006401182502178
0.6209662739215736
0.6201207454628689
0.6273125442719708
0.6223844824473961
0.6291028735252828
0.6336090035303498
0.6328661304642326
0.6397649690739499
0.6402577088127909
0.6401696968095677
0.634052709839464
0.6486278182920385
0.6405740019407411
0.644145619014387
0.6478401366381666
0.6495918456399453
0.6457995144098616
0.6568823504764124
0.6594979432574528
0.6630923578658375
0.6668094170666052
0.6599814296631841
0.6573065379270712
0.6683607629248821
0.6686391988853998
0.6618486301935126
0.6609600678003928
0.6617062493722378
0.654700095842611
0.6366200448322701
0.6486276335111535
0.6389068408993852
0.6367848004858583
0.6299204784126241
0.6266128244151712
0.632253133036422
0.6288565379286172
0.6140386962831553
0.6286241123883906
0.5910093942353403
0.6434522411005705
0.6351721007481773
0.6423406065090925