0.5216121321490228
0.5838333956502699
0.5938212216066309
0.6039392578356741
0.6034453641273251
0.507222019271025
0.623079474933939
0.6443847140279253
0.6477051849186645
0.6549562412005935
0.6487158358335876
0.6598865413660501
0.6726040532620555
0.6729810129992592
0.6769709522910432
0.6805583027850568
0.6817062055872866
0.68670767200923
0.6870671343504267
0.69164169219679
0.6919133954813707
0.6928035979474642
0.6954515734201648
0.6927313440033869
0.6957762532400604
0.6981402566400089
0.7003792012470971
0.7022679469848978
0.6992473746012605
0.695690522331838
0.6984996966518143
0.7019862076985808
0.7061507398317366
0.7042555208612439
0.7076904932308105
0.7078127368701363
0.7087571730230184
0.7086806925553537
0.7125555121188267
0.7073078306683694
0.7056875114119131
0.7112132406401278
0.7082382202691073
0.7099730530823259
0.7063973153823906
0.7084242459351024
0.709608513262061
0.7064785811566947
0.6998760033655836
0.7085120228822965