0.5015787413614784
0.5690229393721252
0.5773612427178768
0.567694289405169
0.5905543546616904
0.5915993979685833
0.5992801496499017
0.6010069064833939
0.5920212080482831
0.6111428200581152
0.6116643408029564
0.6236554937690032
0.6295101762716546
0.640567238136633
0.6217580894688292
0.6487317329075282
0.6518980809123703
0.6456545453205152
0.656232755527631
0.6583184229019743
0.6607438887412235
0.6566580417437541
0.6636919722798643
0.6641973536410132
0.6668462824712844
0.6714163394849332
0.6734862190126355
0.6736589475933926
0.671208563211952
0.6787674095799867
0.6797247757294428
0.6743895426196734
0.6789432090321278
0.6815424383568249
0.6788629178601845
0.6821227898790189
0.6854157564635887
0.6871139941099218
0.6883665906289974
0.6816891562679642
0.6915777616909776
0.6915666415095548
0.6864900219802481
0.6887311612369205
0.6913709453798568
0.6864436480458974
0.6862138358995867
0.6913988637868461
0.6939461694767246
0.6921653338322845
