0.5436173505843414
0.5938665330934747
0.6045347927941945
0.6043884082571772
0.6106506689617528
0.6177352157288454
0.6223369333274253
0.6209733977172701
0.6205567375531459
0.6164910205271104
0.6172972985668544
0.6290858878935935
0.6439535613794203
0.6467956120024355
0.6504673645599369
0.659873448613071
0.653937341194039
0.6629577567790418
0.6641495376648969
0.6637755420908504
0.6666673383915189
0.6665018167834811
0.656919287447342
0.6649619730571155
0.6665092590013296
0.6645877793095097
0.6613336539687805
0.6635135087063221
0.6636488261284397
0.6682406418975421
0.6648500436841538
0.6670724964760335
0.6665306106359699
0.6687279712130467
0.6626032249699072
0.6641556660133803
0.6639281961889785
0.6609194066815661
0.6602166435528212
0.6598093970205638
0.6585148368636645
0.6636491724781197
0.6551742425535177
0.6587321801893943
0.6618347763198809
0.659267999450814
0.6593573645106267
0.6601387581334475
0.6552940282864035
0.6567280217467947