0.543871812168902
0.5955137989411059
0.6080132725380832
0.6149670408753949
0.6197492518946399
0.6272309141028634
0.6266839143860332
0.6345932375047286
0.6235960975486994
0.6376899490104307
0.6472247971484848
0.6430080550148841
0.6510426988308609
0.6567363980176047
0.657953166427769
0.6634845172698528
0.6622321782660255
0.6692930410496054
0.6707380562291149
0.6719035717446491
0.6729580148952262
0.6759290529835729
0.6750718342104621
0.6755726599629337
0.6792552948917854
0.6783673644487919
0.6713151372099508
0.6757563957394398
0.6781139512120469
0.6764761020838871
0.6760401062058274
0.6777120117109151
0.6725643400484242
0.6763613983998976
0.6761219715175951
0.6712494957387476
0.6736313229485072
0.6708330701313658
0.6727580689445117
0.6682328626583852
0.6705522751291509
0.6711557516172679
0.6693647017611948
0.6659230466146827
0.658070528776549
0.6648558229840172
0.6672067250021917
0.6622286789658272
0.6583932749847133
0.6606238795852117