0.534435693217619
0.5215744510609571
0.5489639572616765
0.5677056868405934
0.5960701024900871
0.6105766905584928
0.6188647373881586
0.622316685105172
0.6335164489828126
0.6446792690923369
0.6470368468154633
0.6565793470285688
0.6609264481604441
0.6641833079917113
0.6668901579084768
0.6724967300407529
0.6688077190374254
0.675567733335435
0.6788522109266826
0.6803221965447639
0.6825309601256505
0.6835110510692728
0.6832026467986926
0.6874465439300604
0.6872035364045379
0.6883138956335442
0.6868866232148039
0.6882403406399574
0.6895061916423658
0.6867528295171283
0.6893851829480815
0.6893893827845046
0.6890200834759791
0.6857630942231608
0.6907423338400396
0.6875434343985414
0.6845735558724783
0.6881426566228701
0.6889426435845465
0.6890655714361381
0.6877622760247428
0.6884307792927753
0.6885311412563924
0.6863728909828944
0.6873437586989941
0.6861635252768029
0.6857354574814171
0.6856720761196875
0.6824910146456868
0.6833019846989961