0.5304078722439117
0.5911281411414492
0.6009530144770827
0.6085826838623689
0.6177781974080451
0.6249890867476411
0.6345988674582843
0.6397020938148053
0.6435504817232618
0.6513857163078607
0.6575078768714657
0.6591743767283266
0.6624586149398418
0.6596060321789905
0.6650331030960184
0.6537095532956764
0.6631582728502672
0.6696497652418485
0.6630996873445794
0.66668744840434
0.6701263883793063
0.6746084223476643
0.6704995824653187
0.6743359636113431
0.6701914684736254
0.6691686324289551
0.6671850105071238
0.669298350914209
0.67043818470116
0.6677319824640742
0.6683299386098709
0.6700672057498025
0.6652066332296084
0.6574009626277791
0.6670167255761952
0.6623878934268599
0.6610861867830823
0.6657784192824746
0.6580512422508256
0.652566973455114
0.6598144145239743
0.6555089549356868
0.6570359555177568
0.6547720238884677
0.6461917749050999
0.6486480538573293
0.6485699602741546
0.6542511573513108
0.6486810710914659
0.6524633787648617
