0.4980776341381361
0.5098471898202841
0.5062934635485237
0.5501856353287498
0.5514282389748107
0.6013805644511467
0.616363370885123
0.6228068524682955
0.6266502134034829
0.6308092211313705
0.6225955641780372
0.6394090821885746
0.643300743733951
0.6450882026489392
0.6415205294708591
0.6499830185649739
0.6582617564709611
0.6493441300126452
0.660474097744453
0.6595984240956583
0.6604438581789469
0.665138574528078
0.6656373595534324
0.6672125143845029
0.6659605218070663
0.6670071160881388
0.6711192206497879
0.6726036851795212
0.6703209176685763
0.6740086700685634
0.6722593238154535
0.6745658267249655
0.6730818367258015
0.673938469143583
0.6737897254995768
0.6748973947185062
0.6739858088945903
0.6723639105645608
0.6708268935640571
0.6720329788274801
0.667261731298289
0.6672520090385645
0.6691841443162497
0.6631608853011338
0.6640964885339582
0.6667746214343081
0.6624428325169809
0.6647258900484405
0.665057844982239
0.6610903931714895