0.5523677631347343
0.5895193134311119
0.6035963230497714
0.6215814830975506
0.6273016957384153
0.6314962816581909
0.620548212882636
0.6389127788378566
0.6409312256627502
0.6464800837225216
0.6511754964721286
0.6527403877820879
0.6553515656025002
0.661163486947641
0.6637528813155467
0.6669211459299018
0.6720588385861243
0.6746405882779817
0.6765157684222898
0.676020371645919
0.6799299895108069
0.6794928529380438
0.6829213122903987
0.6811983763929027
0.6812527129841588
0.6847846063966145
0.6847714244241934
0.683908729650645
0.6853813531134427
0.6839949544010582
0.6781986562195504
0.6823845199077441
0.6841490400333838
0.6807158490872129
0.67607599300125
0.6774869812123941
0.6767733976639015
0.6743740339458195
0.6815773153210058
0.6676826869984328
0.6785525744123974
0.678461118173709
0.6746613816115989
0.6764424359133677
0.6703633462898227
0.6731906831797991
0.6677999023485457
0.6727257548629485
0.6698214039109476
0.6709525293113512