0.5200560775677531
0.5392687443775432
0.5348772019223189
0.5829290341641731
0.6100395108419544
0.6241989726151076
0.6280611013724895
0.6355460536710289
0.6448635223482674
0.6535925662992975
0.6611047951614635
0.6667812859751525
0.6687065325402557
0.6726055354851161
0.6755867708191895
0.6793147242508173
0.6775994611978678
0.6830763990114297
0.6830774075113022
0.658903231858372
0.6802653185196957
0.685096730220885
0.685879147134779
0.6885763790563791
0.6871331499956022
0.6888477589176861
0.6877351927973596
0.6900363901365243
0.6880163731498398
0.6908151850176734
0.6913817519204307
0.6904402018698361
0.6858914131491686
0.6893147845893849
0.6900020557685136
0.6894244183687281
0.687032146493195
0.6899522331806074
0.688778970383035
0.6869748129551387
0.6874866045372467
0.6858459867430811
0.6870299807820893
0.6889596168211043
0.6872486951007641
0.6876380413923896
0.6870326080478084
0.6876937532543147
0.6847668187109772
0.6835352998443561